73 40
73 39
73 38
73 37
72 37
72 36
71 36
71 35
72 35
73 35
73 34
73 33
72 33
72 34
71 34
71 33
71 32
72 32
73 32
73 31
73 30
72 30
72 31
71 31
70 31
70 32
70 33
69 33
69 32
69 31
68 31
68 30
69 30
70 30
71 30
71 29
71 28
72 28
73 28
73 27
72 27
71 27
71 26
72 26
73 26
73 25
72 25
72 24
71 24
71 23
71 22
72 22
73 22
73 21
72 21
71 21
70 21
70 20
71 20
72 20
72 19
73 19
73 18
72 18
71 18
71 19
70 19
69 19
68 19
67 19
67 18
68 18
69 18
70 18
70 17
69 17
68 17
68 16
69 16
69 15
70 15
71 15
71 16
71 17
72 17
73 17
73 16
72 16
72 15
72 14
72 13
73 13
73 12
73 11
72 11
71 11
70 11
70 12
71 12
71 13
70 13
69 13
68 13
67 13
66 13
66 14
66 15
66 16
66 17
65 17
65 18
65 19
66 19
66 20
66 21
67 21
68 21
68 22
67 22
67 23
66 23
66 22
65 22
65 21
65 20
64 20
64 21
63 21
63 22
63 23
62 23
61 23
61 22
61 21
62 21
62 20
61 20
60 20
59 20
59 21
59 22
58 22
58 23
57 23
56 23
56 24
57 24
58 24
58 25
59 25
59 24
59 23
60 23
60 24
61 24
62 24
62 25
62 26
63 26
63 27
62 27
61 27
61 28
62 28
62 29
62 30
62 31
61 31
61 32
60 32
60 33
59 33
58 33
57 33
57 34
56 34
55 34
55 33
55 32
56 32
57 32
57 31
56 31
55 31
54 31
54 30
55 30
55 29
55 28
54 28
54 27
53 27
53 28
52 28
52 27
52 26
53 26
53 25
53 24
53 23
54 23
54 24
55 24
55 23
55 22
54 22
53 22
52 22
52 21
53 21
53 20
54 20
54 19
53 19
52 19
52 20
51 20
51 21
51 22
50 22
50 21
50 20
49 20
49 21
48 21
47 21
46 21
45 21
45 22
44 22
43 22
43 21
43 20
42 20
42 21
42 22
42 23
42 24
42 25
42 26
42 27
42 28
43 28
43 29
44 29
44 30
45 30
45 29
46 29
46 30
47 30
48 30
48 29
49 29
49 30
50 30
51 30
51 31
50 31
49 31
48 31
47 31
47 32
46 32
46 33
46 34
45 34
44 34
43 34
43 33
44 33
44 32
44 31
43 31
43 30
42 30
42 31
42 32
41 32
41 31
41 30
41 29
40 29
39 29
39 28
40 28
40 27
41 27
41 26
41 25
41 24
41 23
40 23
40 22
39 22
39 21
40 21
40 20
41 20
41 19
42 19
43 19
43 18
42 18
41 18
41 17
42 17
43 17
43 16
43 15
43 14
42 14
42 13
42 12
41 12
41 11
42 11
43 11
43 10
42 10
41 10
40 10
39 10
39 9
40 9
40 8
39 8
38 8
37 8
37 7
36 7
35 7
34 7
33 7
33 6
33 5
32 5
31 5
31 4
31 3
30 3
30 2
29 2
28 2
28 3
28 4
28 5
27 5
27 4
27 3
27 2
27 1
27 0
26 0
26 1
26 2
25 2
25 1
25 0
24 0
24 1
24 2
24 3
23 3
23 4
23 5
23 6
23 7
23 8
23 9
22 9
22 8
21 8
21 9
21 10
22 10
23 10
24 10
24 9
25 9
25 8
26 8
26 9
27 9
28 9
28 8
28 7
27 7
27 6
28 6
29 6
29 5
30 5
30 6
31 6
32 6
32 7
32 8
33 8
34 8
35 8
36 8
36 9
37 9
38 9
38 10
37 10
36 10
36 11
36 12
36 13
37 13
37 12
38 12
38 11
39 11
40 11
40 12
40 13
39 13
39 14
40 14
40 15
39 15
38 15
38 16
37 16
37 17
37 18
37 19
37 20
36 20
36 21
36 22
35 22
35 23
36 23
36 24
36 25
37 25
38 25
38 26
38 27
38 28
38 29
38 30
37 30
37 29
37 28
37 27
37 26
36 26
36 27
35 27
35 28
34 28
34 29
33 29
33 28
32 28
32 29
31 29
31 30
32 30
33 30
33 31
32 31
31 31
31 32
30 32
29 32
29 33
30 33
30 34
30 35
31 35
31 36
30 36
30 37
31 37
32 37
32 38
31 38
31 39
30 39
30 38
29 38
29 37
28 37
27 37
26 37
26 36
27 36
27 35
27 34
28 34
28 33
28 32
28 31
28 30
28 29
28 28
28 27
28 26
28 25
27 25
27 26
26 26
26 27
27 27
27 28
26 28
26 29
25 29
25 30
24 30
23 30
23 31
23 32
23 33
22 33
22 34
21 34
21 35
20 35
19 35
19 34
19 33
18 33
18 34
18 35
17 35
16 35
16 36
17 36
17 37
16 37
15 37
15 38
15 39
16 39
16 38
17 38
17 39
17 40
16 40
15 40
14 40
14 39
14 38
14 37
14 36
14 35
13 35
13 36
12 36
12 37
13 37
13 38
13 39
13 40
12 40
12 39
12 38
11 38
10 38
9 38
9 39
8 39
8 40
7 40
6 40
5 40
4 40
3 40
3 39
4 39
5 39
5 38
5 37
6 37
6 38
6 39
7 39
7 38
7 37
8 37
8 36
7 36
6 36
6 35
5 35
5 34
4 34
3 34
2 34
2 33
1 33
1 32
0 32
0 31
0 30
1 30
1 29
2 29
2 28
3 28
3 29
4 29
5 29
5 30
6 30
7 30
8 30
8 29
7 29
7 28
8 28
8 27
7 27
6 27
5 27
4 27
4 26
5 26
5 25
4 25
4 24
5 24
5 23
5 22
4 22
4 23
3 23
3 24
2 24
2 23
1 23
1 22
0 22
0 21
1 21
1 20
0 20
0 19
0 18
1 18
2 18
3 18
3 17
2 17
1 17
1 16
0 16
0 15
1 15
1 14
0 14
0 13
0 12
0 11
0 10
1 10
1 11
1 12
1 13
2 13
2 14
3 14
3 15
4 15
4 14
5 14
5 13
4 13
3 13
3 12
3 11
3 10
4 10
5 10
5 11
6 11
6 10
7 10
7 11
8 11
8 12
8 13
8 14
9 14
9 13
9 12
9 11
9 10
10 10
10 11
10 12
10 13
10 14
11 14
11 13
12 13
12 14
13 14
14 14
15 14
16 14
17 14
17 13
18 13
19 13
20 13
20 12
21 12
21 13
21 14
22 14
22 13
23 13
23 14
23 15
23 16
23 17
22 17
22 16
21 16
21 17
21 18
22 18
22 19
22 20
22 21
21 21
20 21
19 21
19 20
20 20
20 19
20 18
20 17
20 16
19 16
18 16
17 16
17 17
17 18
18 18
18 19
18 20
18 21
18 22
17 22
17 23
16 23
16 24
15 24
15 25
15 26
14 26
14 27
14 28
14 29
15 29
15 28
16 28
17 28
18 28
18 29
18 30
18 31
18 32
19 32
19 31
19 30
20 30
20 31
21 31
21 32
22 32
22 31
22 30
22 29
21 29
20 29
20 28
19 28
19 27
20 27
21 27
21 28
22 28
22 27
22 26
23 26
23 27
23 28
23 29
24 29
24 28
25 28
25 27
25 26
25 25
25 24
26 24
26 23
27 23
27 24
28 24
29 24
30 24
30 23
30 22
29 22
29 21
29 20
30 20
30 19
29 19
29 18
29 17
28 17
28 18
28 19
27 19
27 18
27 17
27 16
28 16
29 16
30 16
31 16
31 15
30 15
29 15
28 15
28 14
28 13
29 13
29 14
30 14
31 14
31 13
32 13
33 13
33 14
33 15
32 15
32 16
32 17
33 17
33 18
33 19
32 19
32 20
31 20
31 21
31 22
31 23
32 23
32 22
32 21
33 21
34 21
35 21
35 20
34 20
34 19
34 18
35 18
35 19
36 19
36 18
36 17
35 17
35 16
36 16
36 15
35 15
35 14
34 14
34 13
35 13
35 12
35 11
34 11
34 12
33 12
33 11
33 10
33 9
32 9
31 9
31 8
30 8
30 9
29 9
29 10
29 11
28 11
28 10
27 10
26 10
25 10
25 11
26 11
26 12
27 12
27 13
27 14
26 14
26 15
26 16
25 16
24 16
24 15
24 14
24 13
24 12
24 11
23 11
22 11
21 11
20 11
20 10
19 10
19 11
19 12
18 12
18 11
18 10
18 9
18 8
17 8
17 7
16 7
16 6
17 6
17 5
16 5
16 4
16 3
17 3
17 4
18 4
18 3
18 2
17 2
17 1
18 1
18 0
17 0
16 0
15 0
14 0
13 0
13 1
12 1
11 1
10 1
10 0
9 0
9 1
9 2
9 3
9 4
10 4
10 3
11 3
11 2
12 2
13 2
13 3
14 3
15 3
15 4
14 4
13 4
12 4
12 5
13 5
13 6
12 6
11 6
11 5
10 5
9 5
8 5
7 5
6 5
6 6
7 6
7 7
7 8
8 8
8 7
8 6
9 6
9 7
10 7
10 8
10 9
9 9
8 9
7 9
6 9
5 9
4 9
4 8
5 8
5 7
5 6
4 6
4 5
5 5
5 4
4 4
4 3
3 3
3 4
3 5
2 5
2 4
2 3
1 3
1 4
1 5
0 5
0 4
0 3
0 2
0 1
